2.62268398223
1.11242800321
0.222311892688
-0.00468464043197
1.26387901806
3.19296543859
3.22518651571
1.13301834451
0.00733128076561
0.545939373502
0.894958603879
1.09064425183
1.29423145738
1.33417562341
1.3098758603
1.21184266109
0.950140988599
0.68511650241
1.15672205481
2.40812314667
3.43215137025
3.59788329234
2.94430815615
1.35089928923
0.617685453312
2.12238972081
1.11242800321
0.379420992163
-0.418772170134
0.897712997547
3.11739918051
3.35465477777
1.00042819259
-0.522078283675
-0.506322727988
-0.469530669827
-0.528106448699
-0.45754187164
-0.364678813267
-0.276232287063
-0.394444996347
-0.570688465919
-0.704413437137
-0.469118710301
-0.156451334402
0.128560582395
0.14364986098
0.1903757575
0.268803969318
0.54351217941
1.78886021319
0.798091513107
0.143757342951
-0.625815934985
0.450176750257
2.31135909429
2.62100129279
0.757346247404
-0.585607431408
-0.676042421777
-0.799407197535
-1.00602332219
-0.89146737516
-0.688270134539
-0.697036489425
-0.779954034132
-0.862564825877
-0.525119251389
-0.1686916124
-0.237437896963
-0.293174411799
-0.283277866492
-0.147826466896
-0.00171986066
0.691858727214
