-0.212316832487
-0.459254447317
-1.03456090311
-1.66103475924
-1.3399682389
-1.08912251944
-1.06884417576
-1.1431125968
-1.30560443905
-1.49069695196
-1.65408729205
-1.6535236024
-1.56646260286
-1.49724843772
-1.45772100908
-1.4867206034
-1.59993668261
-1.61582554802
-1.45876091515
-1.37124977281
-1.27722273159
-1.2535681562
-1.40400615751
-1.62486284053
-1.01412657253
0.212316832487
0.459254447317
1.03456090311
1.66103475924
1.3399682389
1.08912251944
1.06884417576
1.1431125968
1.30560443905
1.49069695196
1.65408729205
1.6535236024
1.56646260286
1.49724843772
1.45772100908
1.4867206034
1.59993668261
1.61582554802
1.45876091515
1.37124977281
1.27722273159
1.2535681562
1.40400615751
1.62486284053
1.01412657253
-0.212316832487
0.459254447317
-1.03456090311
1.66103475924
-1.3399682389
1.08912251944
-1.06884417576
1.1431125968
-1.30560443905
1.49069695196
-1.65408729205
1.6535236024
-1.56646260286
1.49724843772
-1.45772100908
1.4867206034
-1.59993668261
1.61582554802
-1.45876091515
1.37124977281
-1.27722273159
1.2535681562
-1.40400615751
1.62486284053
-1.01412657253
